27,28
8,13
7,10
9,16
10,11
16,17
20,21
6,7
19,23
8,10
29,30
17,20
25,31
14,16
30,37
2,8
13,14
19,22
4,5
6,9
29,34
17,23
24,29
24,28
11,18
23,26
16,20
27,32
3,10
19,22
18,24
26,30
23,27
1,2
25,26
15,17
20,21
19,21
24,28
24,29
29,32
14,19
14,19
13,20
24,31
22,24
26,27
30,37
14,16
10,13
11,17
30,31
29,36
29,34
28,31
12,16
24,30
21,24
21,23
19,26
26,32
23,24
17,23
10,13
10,11
12,17
18,23
5,6
14,21
8,14
13,14
28,32
23,28
23,30
2,4
11,15
16,19
30,34
22,29
22,25